[app/ui]
version = 5.0.5
modtime = 1426601629.752984200

[app/launcher]
version = 5.0.5
modtime = 1426601629.780985800

[nav/default]
version = 5.0.5
modtime = 1426517376.477416800

[app/package/check_for_updates]
version = 5.0.5
modtime = 1426601629.799986900
